0 0 1 0
0.01 0 1 0
0.02 0 1 0
0.03 0 1 0
0.04 0 1 0
0.05 0 1 0
0.06 0 1 0
0.07 0 1 0
0.08 0 1 0
0.09 0 1 0
0.1 0 1 0
0.11 0 1 0
0.12 0 1 0
0.13 0 1 0
0.14 0 1 0
0.15 0 1 0
0.16 0 1 0
0.17 0 1 0
0.18 0 1 0
0.19 0 1 0
0.2 0 1 0
0.21 0 1 0
0.22 0 1 0
0.23 0 1 0
0.24 0 1 0
0.25 0 1 0
0.26 0 1 0
0.27 0 1 0
0.28 0 1 0
0.29 0 1 0
0.3 0 1 0
0.31 0 1 0
0.32 0 1 0
0.33 0 1 0
0.34 0 1 0
0.35 0 1 0
0.36 0 1 0
0.37 0 1 0
0.38 0 1 0
0.39 0 1 0
0.4 0 1 0
0.41 0 1 0
0.42 0 1 0
0.43 0 1 0
0.44 0 1 0
0.45 0 1 0
0.46 0 1 0
0.47 0 1 0
0.48 0 1 0
0.49 0 1 0
0.5 0 1 0
0.51 0 1 0
0.52 0 1 0
0.53 0 1 0
0.54 0 1 0
0.55 0 1 0
0.56 0 1 0
0.57 0 1 0
0.58 0 1 0
0.59 0 1 0
0.6 0 1 0
0.61 0 1 0
0.62 0 1 0
0.63 0 1 0
0.64 0 1 0
0.65 0 1 0
0.66 0 1 0
0.67 0 1 0
0.68 0 1 0
0.69 0 1 0
0.7 0 1 0
0.71 0 1 0
0.72 1 1 1
0.73 1 1 1
0.74 1 1 1
0.75 1 1 1
0.76 1 1 1
0.77 1 1 1
0.78 1 1 1
0.79 1 1 1
0.8 1 1 1
0.81 1 1 1
0.82 1 1 1
0.83 1 1 1
0.84 1 1 1
0.85 1 1 1
0.86 1 1 1
0.87 1 1 1
0.88 1 1 1
0.89 1 1 1
0.9 1 1 1
0.91 1 1 1
0.92 1 1 1
0.93 1 1 1
0.94 1 1 1
0.95 1 1 1
0.96 1 1 1
0.97 1 1 1
0.98 1 1 1
0.99 1 1 1
1 1 1 1
1.01 1 1 1
1.02 1 1 1
1.03 1 1 1
1.04 1 1 1
1.05 1 1 1
1.06 1 1 1
1.07 1 1 1
1.08 1 1 1
1.09 1 1 1
1.1 1 1 1
1.11 1 1 1
1.12 1 1 1
1.13 1 1 1
1.14 1 1 1
1.15 1 1 1
1.16 1 1 1
1.17 1 1 1
1.18 1 1 1
1.19 1 1 1
1.2 1 1 1
1.21 1 1 1
1.22 1 1 1
1.23 1 1 1
1.24 1 1 1
1.25 1 1 1
1.26 1 1 1
1.27 1 1 1
1.28 1 1 1
1.29 1 1 1
1.3 1 1 1
1.31 1 1 1
1.32 1 1 1
1.33 1 1 1
1.34 1 1 1
1.35 1 1 1
1.36 1 1 1
1.37 1 1 1
1.38 1 1 1
1.39 1 1 1
1.4 1 1 1
1.41 1 1 1
1.42 1 1 1
1.43 1 1 1
1.44 1 1 1
1.45 1 1 1
1.46 1 1 1
1.47 1 1 1
1.48 1 1 1
1.49 1 1 1
1.5 1 1 1
1.51 1 1 1
1.52 1 1 1
1.53 1 1 1
1.54 1 1 1
1.55 1 1 1
1.56 2 1 2
1.57 3 3 1
1.58 2 2 1
1.59 3 3 1
1.6 3 3 1
1.61 2 2 1
1.62 3 3 1
1.63 3 3 1
1.64 2 2 1
1.65 3 3 1
1.66 3 3 1
1.67 2 2 1
1.68 3 3 1
1.69 3 3 1
1.7 2 2 1
1.71 3 3 1
1.72 3 3 1
1.73 2 2 1
1.74 3 3 1
1.75 3 3 1
1.76 2 2 1
1.77 3 3 1
1.78 3 3 1
1.79 2 2 1
1.8 3 3 1
1.81 3 3 1
1.82 2 2 1
1.83 3 3 1
1.84 3 3 1
1.85 2 2 1
1.86 3 3 1
1.87 3 3 1
1.88 2 2 1
1.89 3 3 1
1.9 3 3 1
1.91 2 2 1
1.92 3 3 1
1.93 3 3 1
1.94 2 2 1
1.95 3 3 1
1.96 3 3 1
1.97 2 2 1
1.98 3 3 1
1.99 3 3 1
2 2 3 0.666667
2.01 3 15 0.2
2.02 3 9 0.333333
2.03 2 8 0.25
2.04 3 7 0.428571
2.05 3 9 0.333333
2.06 2 8 0.25
2.07 3 8 0.375
2.08 2 8 0.25
2.09 3 7 0.428571
2.1 3 9 0.333333
2.11 2 8 0.25
2.12 3 8 0.375
2.13 3 8 0.375
2.14 2 8 0.25
2.15 3 8 0.375
2.16 3 9 0.333333
2.17 2 8 0.25
2.18 3 7 0.428571
2.19 3 9 0.333333
2.2 2 8 0.25
2.21 3 8 0.375
2.22 3 8 0.375
2.23 2 8 0.25
2.24 3 8 0.375
2.25 3 8 0.375
2.26 2 8 0.25
2.27 3 8 0.375
2.28 3 8 0.375
2.29 2 8 0.25
2.3 3 8 0.375
2.31 3 8 0.375
2.32 2 8 0.25
2.33 3 8 0.375
2.34 3 8 0.375
2.35 2 8 0.25
2.36 3 8 0.375
2.37 3 8 0.375
2.38 2 8 0.25
2.39 3 7 0.428571
2.4 3 9 0.333333
2.41 2 8 0.25
2.42 3 8 0.375
2.43 3 8 0.375
2.44 2 8 0.25
2.45 3 8 0.375
2.46 3 8 0.375
2.47 2 8 0.25
2.48 3 8 0.375
2.49 3 8 0.375
2.5 2 8 0.25
2.51 3 13 0.230769
2.52 3 11 0.272727
2.53 2 13 0.153846
2.54 3 11 0.272727
2.55 3 12 0.25
2.56 2 10 0.2
2.57 3 11 0.272727
2.58 3 12 0.25
2.59 2 9 0.222222
2.6 3 11 0.272727
2.61 3 12 0.25
2.62 2 10 0.2
2.63 3 11 0.272727
2.64 3 12 0.25
2.65 2 10 0.2
2.66 3 10 0.3
2.67 3 12 0.25
2.68 2 10 0.2
2.69 3 11 0.272727
2.7 3 11 0.272727
2.71 2 10 0.2
2.72 3 11 0.272727
2.73 3 12 0.25
2.74 2 10 0.2
2.75 3 11 0.272727
2.76 3 11 0.272727
2.77 2 10 0.2
2.78 3 11 0.272727
2.79 3 12 0.25
2.8 2 10 0.2
2.81 3 11 0.272727
2.82 3 14 0.214286
2.83 0 10 0
2.84 0 11 0
2.85 0 12 0
2.86 0 9 0
2.87 0 11 0
2.88 0 12 0
2.89 0 10 0
2.9 0 11 0
2.91 0 12 0
2.92 0 10 0
2.93 0 11 0
2.94 0 12 0
2.95 0 9 0
2.96 0 11 0
2.97 0 12 0
2.98 0 10 0
2.99 0 11 0
3 0 12 0
3.01 0 10 0
3.02 0 11 0
3.03 0 11 0
3.04 0 10 0
3.05 0 11 0
3.06 0 11 0
3.07 0 10 0
3.08 0 11 0
3.09 0 12 0
3.1 0 10 0
3.11 0 11 0
3.12 0 12 0
3.13 0 10 0
3.14 0 11 0
3.15 0 11 0
3.16 0 10 0
3.17 0 11 0
3.18 0 12 0
3.19 0 10 0
3.2 0 11 0
3.21 0 12 0
3.22 0 10 0
3.23 0 10 0
3.24 0 12 0
3.25 0 10 0
3.26 0 11 0
3.27 0 12 0
3.28 0 10 0
3.29 0 11 0
3.3 0 12 0
3.31 0 10 0
3.32 0 10 0
3.33 0 12 0
3.34 0 10 0
3.35 0 10 0
3.36 0 12 0
3.37 0 10 0
3.38 0 11 0
3.39 0 11 0
3.4 0 10 0
3.41 0 11 0
3.42 0 12 0
3.43 0 10 0
3.44 0 10 0
3.45 0 12 0
3.46 0 10 0
3.47 0 11 0
3.48 0 12 0
3.49 0 10 0
3.5 0 11 0
3.51 0 12 0
3.52 0 9 0
3.53 0 11 0
3.54 0 11 0
3.55 0 10 0
3.56 0 11 0
3.57 0 12 0
3.58 0 9 0
3.59 0 11 0
3.6 0 12 0
3.61 0 10 0
3.62 0 11 0
3.63 0 11 0
3.64 0 10 0
3.65 1 11 0.0909091
3.66 1 12 0.0833333
3.67 2 10 0.2
3.68 3 11 0.272727
3.69 4 12 0.333333
3.7 3 10 0.3
3.71 2 11 0.181818
3.72 4 12 0.333333
3.73 3 9 0.333333
3.74 4 11 0.363636
3.75 5 12 0.416667
3.76 5 10 0.5
3.77 5 11 0.454545
3.78 6 12 0.5
3.79 4 10 0.4
3.8 5 11 0.454545
3.81 6 11 0.545455
3.82 5 10 0.5
3.83 5 11 0.454545
3.84 6 12 0.5
3.85 4 10 0.4
3.86 6 11 0.545455
3.87 5 12 0.416667
3.88 4 9 0.444444
3.89 6 11 0.545455
3.9 5 12 0.416667
3.91 4 10 0.4
3.92 6 11 0.545455
3.93 6 12 0.5
3.94 4 10 0.4
3.95 5 11 0.454545
3.96 6 12 0.5
3.97 5 9 0.555556
3.98 5 11 0.454545
3.99 6 12 0.5
4 4 10 0.4
4.01 5 11 0.454545
4.02 6 12 0.5
4.03 5 9 0.555556
4.04 5 11 0.454545
4.05 5 12 0.416667
4.06 5 10 0.5
4.07 5 11 0.454545
4.08 6 12 0.5
4.09 4 10 0.4
4.1 6 11 0.545455
4.11 5 11 0.454545
4.12 5 10 0.5
4.13 5 11 0.454545
4.14 6 12 0.5
4.15 3 10 0.3
4.16 6 11 0.545455
4.17 6 12 0.5
4.18 4 10 0.4
4.19 6 11 0.545455
4.2 6 11 0.545455
4.21 5 10 0.5
4.22 4 11 0.363636
4.23 6 11 0.545455
4.24 4 10 0.4
4.25 6 11 0.545455
4.26 6 12 0.5
4.27 4 9 0.444444
4.28 6 11 0.545455
4.29 6 12 0.5
4.3 4 10 0.4
4.31 6 10 0.6
4.32 5 12 0.416667
4.33 5 10 0.5
4.34 5 10 0.5
4.35 6 12 0.5
4.36 5 10 0.5
4.37 5 11 0.454545
4.38 6 12 0.5
4.39 4 10 0.4
4.4 5 11 0.454545
4.41 6 11 0.545455
4.42 4 10 0.4
4.43 6 11 0.545455
4.44 5 12 0.416667
4.45 6 10 0.6
4.46 4 11 0.363636
4.47 7 11 0.636364
4.48 4 10 0.4
4.49 5 11 0.454545
4.5 6 12 0.5
4.51 4 10 0.4
4.52 5 10 0.5
4.53 7 12 0.583333
4.54 4 10 0.4
4.55 5 11 0.454545
4.56 6 12 0.5
4.57 5 10 0.5
4.58 5 10 0.5
4.59 5 12 0.416667
4.6 5 9 0.555556
4.61 6 11 0.545455
4.62 5 12 0.416667
4.63 5 10 0.5
4.64 5 11 0.454545
4.65 6 12 0.5
4.66 5 10 0.5
4.67 4 11 0.363636
4.68 6 11 0.545455
4.69 5 10 0.5
4.7 5 11 0.454545
4.71 5 12 0.416667
4.72 4 10 0.4
4.73 6 11 0.545455
4.74 6 12 0.5
4.75 4 10 0.4
4.76 5 11 0.454545
4.77 6 12 0.5
4.78 4 9 0.444444
4.79 6 11 0.545455
4.8 5 12 0.416667
4.81 5 10 0.5
4.82 5 11 0.454545
4.83 6 12 0.5
4.84 4 10 0.4
4.85 5 11 0.454545
4.86 6 12 0.5
4.87 4 9 0.444444
4.88 6 11 0.545455
4.89 6 12 0.5
4.9 4 10 0.4
4.91 5 11 0.454545
4.92 6 12 0.5
4.93 5 10 0.5
4.94 4 10 0.4
4.95 6 12 0.5
4.96 5 10 0.5
4.97 5 11 0.454545
4.98 6 12 0.5
4.99 3 10 0.3
5 6 11 0.545455
5.01 6 12 0.5
5.02 4 10 0.4
5.03 6 11 0.545455
5.04 5 12 0.416667
5.05 4 9 0.444444
5.06 5 11 0.454545
5.07 7 12 0.583333
5.08 4 10 0.4
5.09 5 11 0.454545
5.1 6 12 0.5
5.11 4 9 0.444444
5.12 5 11 0.454545
5.13 7 12 0.583333
5.14 4 10 0.4
5.15 5 11 0.454545
5.16 6 12 0.5
5.17 5 10 0.5
5.18 4 10 0.4
5.19 6 12 0.5
5.2 5 10 0.5
5.21 5 11 0.454545
5.22 5 12 0.416667
5.23 5 10 0.5
5.24 5 11 0.454545
5.25 6 11 0.545455
5.26 4 10 0.4
5.27 6 11 0.545455
5.28 6 12 0.5
5.29 4 10 0.4
5.3 5 11 0.454545
5.31 6 12 0.5
5.32 4 10 0.4
5.33 6 10 0.6
5.34 5 12 0.416667
5.35 4 10 0.4
5.36 6 11 0.545455
5.37 6 12 0.5
5.38 4 10 0.4
5.39 5 11 0.454545
5.4 6 12 0.5
5.41 5 10 0.5
5.42 5 10 0.5
5.43 5 12 0.416667
5.44 5 10 0.5
5.45 5 11 0.454545
5.46 6 12 0.5
5.47 5 10 0.5
5.48 4 11 0.363636
5.49 6 11 0.545455
5.5 5 10 0.5
5.51 5 11 0.454545
5.52 6 12 0.5
5.53 4 10 0.4
5.54 5 11 0.454545
5.55 6 12 0.5
5.56 4 10 0.4
5.57 6 10 0.6
5.58 5 12 0.416667
5.59 5 10 0.5
5.6 5 11 0.454545
5.61 6 12 0.5
5.62 4 10 0.4
5.63 5 10 0.5
5.64 6 12 0.5
5.65 4 10 0.4
5.66 6 11 0.545455
5.67 6 12 0.5
5.68 5 10 0.5
5.69 5 10 0.5
5.7 5 12 0.416667
5.71 4 10 0.4
5.72 6 11 0.545455
5.73 5 12 0.416667
5.74 5 10 0.5
5.75 5 11 0.454545
5.76 6 12 0.5
5.77 5 9 0.555556
5.78 5 11 0.454545
5.79 5 12 0.416667
5.8 5 10 0.5
5.81 5 11 0.454545
5.82 6 12 0.5
5.83 4 9 0.444444
5.84 6 11 0.545455
5.85 6 12 0.5
5.86 4 10 0.4
5.87 6 11 0.545455
5.88 5 12 0.416667
5.89 5 9 0.555556
5.9 5 11 0.454545
5.91 6 12 0.5
5.92 4 10 0.4
5.93 5 11 0.454545
5.94 6 11 0.545455
5.95 5 10 0.5
5.96 5 11 0.454545
5.97 5 12 0.416667
5.98 5 10 0.5
5.99 5 11 0.454545
6 6 12 0.5
6.01 4 10 0.4
6.02 6 10 0.6
6.03 6 12 0.5
6.04 4 10 0.4
6.05 5 11 0.454545
6.06 6 12 0.5
6.07 4 10 0.4
6.08 5 11 0.454545
6.09 6 11 0.545455
6.1 5 10 0.5
6.11 5 11 0.454545
6.12 5 12 0.416667
6.13 5 10 0.5
6.14 5 10 0.5
6.15 7 12 0.583333
6.16 4 10 0.4
6.17 5 11 0.454545
6.18 6 11 0.545455
6.19 4 10 0.4
6.2 6 11 0.545455
6.21 6 12 0.5
6.22 4 10 0.4
6.23 5 11 0.454545
6.24 6 12 0.5
6.25 5 9 0.555556
6.26 5 11 0.454545
6.27 6 12 0.5
6.28 4 10 0.4
6.29 6 11 0.545455
6.3 5 11 0.454545
6.31 5 10 0.5
6.32 5 11 0.454545
6.33 5 12 0.416667
6.34 5 10 0.5
6.35 5 11 0.454545
6.36 6 12 0.5
6.37 4 10 0.4
6.38 5 11 0.454545
6.39 6 12 0.5
6.4 4 9 0.444444
6.41 6 11 0.545455
6.42 6 12 0.5
6.43 4 10 0.4
6.44 5 11 0.454545
6.45 6 12 0.5
6.46 4 10 0.4
6.47 5 11 0.454545
6.48 6 11 0.545455
6.49 5 10 0.5
6.5 5 11 0.454545
6.51 5 12 0.416667
6.52 4 10 0.4
6.53 6 11 0.545455
6.54 6 12 0.5
6.55 4 9 0.444444
6.56 6 11 0.545455
6.57 6 12 0.5
6.58 4 10 0.4
6.59 5 11 0.454545
6.6 6 12 0.5
6.61 4 10 0.4
6.62 5 11 0.454545
6.63 6 12 0.5
6.64 5 10 0.5
6.65 4 10 0.4
6.66 6 12 0.5
6.67 4 10 0.4
6.68 6 11 0.545455
6.69 5 12 0.416667
6.7 5 10 0.5
6.71 5 11 0.454545
6.72 6 11 0.545455
6.73 5 10 0.5
6.74 5 11 0.454545
6.75 6 12 0.5
6.76 5 10 0.5
6.77 5 11 0.454545
6.78 5 11 0.454545
6.79 5 10 0.5
6.8 5 11 0.454545
6.81 6 12 0.5
6.82 4 10 0.4
6.83 5 11 0.454545
6.84 6 12 0.5
6.85 5 9 0.555556
6.86 4 11 0.363636
6.87 7 12 0.583333
6.88 4 10 0.4
6.89 5 11 0.454545
6.9 6 12 0.5
6.91 4 10 0.4
6.92 5 11 0.454545
6.93 6 11 0.545455
6.94 4 10 0.4
6.95 5 11 0.454545
6.96 6 12 0.5
6.97 5 10 0.5
6.98 5 11 0.454545
6.99 5 12 0.416667
7 5 10 0.5
7.01 4 9 0.444444
7.02 4 9 0.444444
7.03 2 6 0.333333
7.04 3 9 0.333333
7.05 5 9 0.555556
7.06 2 7 0.285714
7.07 6 9 0.666667
7.08 5 8 0.625
7.09 2 7 0.285714
7.1 4 9 0.444444
7.11 3 9 0.333333
7.12 2 7 0.285714
7.13 3 9 0.333333
7.14 3 9 0.333333
7.15 4 6 0.666667
7.16 5 9 0.555556
7.17 4 9 0.444444
7.18 3 7 0.428571
7.19 2 9 0.222222
7.2 5 8 0.625
7.21 3 7 0.428571
7.22 3 9 0.333333
7.23 4 8 0.5
7.24 4 7 0.571429
7.25 4 9 0.444444
7.26 4 9 0.444444
7.27 2 7 0.285714
7.28 4 9 0.444444
7.29 3 9 0.333333
7.3 3 7 0.428571
7.31 5 9 0.555556
7.32 3 8 0.375
7.33 2 7 0.285714
7.34 4 9 0.444444
7.35 4 9 0.444444
7.36 3 7 0.428571
7.37 3 9 0.333333
7.38 4 9 0.444444
7.39 4 6 0.666667
7.4 5 9 0.555556
7.41 3 9 0.333333
7.42 2 7 0.285714
7.43 4 9 0.444444
7.44 3 9 0.333333
7.45 2 7 0.285714
7.46 4 9 0.444444
7.47 5 8 0.625
7.48 4 7 0.571429
7.49 3 9 0.333333
7.5 3 8 0.375
7.51 3 7 0.428571
7.52 4 9 0.444444
7.53 4 9 0.444444
7.54 3 7 0.428571
7.55 3 9 0.333333
7.56 3 9 0.333333
7.57 2 6 0.333333
7.58 5 9 0.555556
7.59 4 9 0.444444
7.6 3 7 0.428571
7.61 4 9 0.444444
7.62 3 9 0.333333
7.63 4 7 0.571429
7.64 3 8 0.375
7.65 4 9 0.444444
7.66 3 7 0.428571
7.67 4 9 0.444444
7.68 5 9 0.555556
7.69 2 7 0.285714
7.7 3 9 0.333333
7.71 5 9 0.555556
7.72 3 6 0.5
7.73 3 9 0.333333
7.74 3 9 0.333333
7.75 4 7 0.571429
7.76 5 9 0.555556
7.77 2 9 0.222222
7.78 3 6 0.5
7.79 4 9 0.444444
7.8 5 9 0.555556
7.81 3 7 0.428571
7.82 3 8 0.375
7.83 4 9 0.444444
7.84 3 7 0.428571
7.85 4 9 0.444444
7.86 4 9 0.444444
7.87 3 7 0.428571
7.88 3 8 0.375
7.89 3 9 0.333333
7.9 3 7 0.428571
7.91 5 9 0.555556
7.92 4 9 0.444444
7.93 2 7 0.285714
7.94 4 9 0.444444
7.95 3 9 0.333333
7.96 4 7 0.571429
7.97 4 8 0.5
7.98 3 9 0.333333
7.99 3 7 0.428571
8 4 9 0.444444
8.01 3 6 0.5
8.02 2 4 0.5
8.03 3 6 0.5
8.04 2 6 0.333333
8.05 1 5 0.2
8.06 2 6 0.333333
8.07 2 5 0.4
8.08 2 5 0.4
8.09 1 6 0.166667
8.1 3 6 0.5
8.11 2 5 0.4
8.12 1 6 0.166667
8.13 2 6 0.333333
8.14 1 5 0.2
8.15 2 6 0.333333
8.16 3 5 0.6
8.17 1 5 0.2
8.18 2 6 0.333333
8.19 2 6 0.333333
8.2 2 5 0.4
8.21 3 6 0.5
8.22 3 5 0.6
8.23 1 5 0.2
8.24 1 6 0.166667
8.25 3 6 0.5
8.26 1 4 0.25
8.27 1 6 0.166667
8.28 1 6 0.166667
8.29 1 5 0.2
8.3 3 6 0.5
8.31 1 6 0.166667
8.32 1 5 0.2
8.33 2 6 0.333333
8.34 1 6 0.166667
8.35 1 4 0.25
8.36 3 6 0.5
8.37 1 6 0.166667
8.38 2 5 0.4
8.39 1 6 0.166667
8.4 2 5 0.4
8.41 1 5 0.2
8.42 1 6 0.166667
8.43 0 6 0
8.44 1 5 0.2
8.45 2 6 0.333333
8.46 2 5 0.4
8.47 1 5 0.2
8.48 1 6 0.166667
8.49 2 6 0.333333
8.5 1 5 0.2
8.51 2 5 0.4
8.52 0 6 0
8.53 0 5 0
8.54 1 6 0.166667
8.55 3 6 0.5
8.56 1 5 0.2
8.57 2 6 0.333333
8.58 2 5 0.4
8.59 2 4 0.5
8.6 2 6 0.333333
8.61 2 6 0.333333
8.62 2 5 0.4
8.63 3 6 0.5
8.64 3 5 0.6
8.65 1 5 0.2
8.66 3 6 0.5
8.67 0 6 0
8.68 2 5 0.4
8.69 1 5 0.2
8.7 3 6 0.5
8.71 2 5 0.4
8.72 2 6 0.333333
8.73 2 6 0.333333
8.74 1 5 0.2
8.75 2 5 0.4
8.76 3 6 0.5
8.77 2 5 0.4
8.78 3 6 0.5
8.79 2 6 0.333333
8.8 1 5 0.2
8.81 3 6 0.5
8.82 1 6 0.166667
8.83 1 4 0.25
8.84 2 6 0.333333
8.85 1 6 0.166667
8.86 2 5 0.4
8.87 1 6 0.166667
8.88 3 6 0.5
8.89 1 4 0.25
8.9 3 6 0.5
8.91 2 6 0.333333
8.92 2 5 0.4
8.93 2 6 0.333333
8.94 3 6 0.5
8.95 0 5 0
8.96 1 6 0.166667
8.97 2 5 0.4
8.98 1 5 0.2
8.99 2 6 0.333333
9 3 6 0.5
9.01 0 2 0
9.02 0 3 0
9.03 0 3 0
9.04 0 3 0
9.05 0 2 0
9.06 0 3 0
9.07 0 3 0
9.08 0 3 0
9.09 0 3 0
9.1 0 2 0
9.11 0 3 0
9.12 0 3 0
9.13 0 3 0
9.14 0 3 0
9.15 0 3 0
9.16 0 2 0
9.17 0 3 0
9.18 0 3 0
9.19 0 3 0
9.2 0 2 0
9.21 0 3 0
9.22 0 3 0
9.23 0 3 0
9.24 0 3 0
9.25 0 3 0
9.26 0 3 0
9.27 0 3 0
9.28 0 2 0
9.29 0 3 0
9.3 0 2 0
9.31 0 3 0
9.32 0 3 0
9.33 0 3 0
9.34 0 3 0
9.35 0 2 0
9.36 0 3 0
9.37 0 3 0
9.38 0 3 0
9.39 0 3 0
9.4 0 3 0
9.41 0 2 0
9.42 0 3 0
9.43 0 3 0
9.44 0 3 0
9.45 0 3 0
9.46 0 3 0
9.47 0 2 0
9.48 0 3 0
9.49 0 3 0
9.5 0 3 0
9.51 0 3 0
9.52 0 3 0
9.53 0 3 0
9.54 0 3 0
9.55 0 2 0
9.56 0 3 0
9.57 0 3 0
9.58 0 3 0
9.59 0 3 0
9.6 0 3 0
9.61 0 2 0
9.62 0 3 0
9.63 0 3 0
9.64 0 3 0
9.65 0 3 0
9.66 0 2 0
9.67 0 3 0
9.68 0 3 0
9.69 0 3 0
9.7 0 3 0
9.71 0 2 0
9.72 0 3 0
9.73 0 3 0
9.74 0 3 0
9.75 0 2 0
9.76 0 3 0
9.77 0 3 0
9.78 0 3 0
9.79 0 2 0
9.8 0 3 0
9.81 0 3 0
9.82 0 3 0
9.83 0 2 0
9.84 0 3 0
9.85 0 3 0
9.86 0 3 0
9.87 0 2 0
9.88 0 3 0
9.89 0 3 0
9.9 0 3 0
9.91 0 2 0
9.92 0 3 0
9.93 0 3 0
9.94 0 3 0
9.95 0 2 0
9.96 0 3 0
9.97 0 3 0
9.98 0 3 0
9.99 0 2 0
